(18.0, 0.14947618446128358)
(34.0, 0.1214694592233487)
(22.0, 0.094661837787429495)
(23.0, 0.090127103947535314)
(0.0, 0.056164965956991053)
(20.0, 0.054312926118624975)
(10.0, 0.049674028182532692)
(38.0, 0.044577741548374752)
(21.0, 0.038597040819758878)
(39.0, 0.031644137047641921)
(12.0, 0.028937180235319736)
(35.0, 0.027133334028673156)
(19.0, 0.026353068910746739)
(16.0, 0.022387558075313306)
(24.0, 0.018460139631531695)
(4.0, 0.018134211980419885)
(5.0, 0.018134211980419885)
(45.0, 0.018134211980419885)
(15.0, 0.01803763845790431)
(33.0, 0.015293384624827652)
(40.0, 0.014900940021321394)
(13.0, 0.013528383651633804)
(30.0, 0.013528383651633804)
(17.0, 0.011247454241336646)
(6.0, 0.010089152473210938)
(29.0, 0.0097476962131858805)
(25.0, 0.0088541445431119629)
(7.0, 0.0021324485860708233)
(11.0, 0.0012713334726218591)
(2.0, 0.0)
(3.0, 0.0)
(41.0, 0.0)
(9.0, 0.0)
(32.0, 0.0)
(14.0, 0.0)
(8.0, 0.0)
(26.0, 0.0)
(27.0, 0.0)
(28.0, 0.0)
(31.0, 0.0)
(36.0, 0.0)
(37.0, 0.0)
(42.0, 0.0)
(43.0, 0.0)
(44.0, 0.0)
(46.0, 0.0)
