(1048576,[57987,62314,83104,83105,83107,83108,83109,83110,83111,83114,83115,83193,108646,224038,354917,465927,633288,687140,775794,1002336,1002337,1002339,1047216],[35.7699590695,35.7699590695,12.6280016846,12.6280016846,12.6280016846,12.6280016846,12.6280016846,12.6280016846,12.6280016846,12.6280016846,12.6280016846,12.6280016846,2.75153531304,1.77070606003,0.805625163987,1.77070606003,35.7699590695,3.09512501743,35.7699590695,11.0061412522,11.0061412522,11.0061412522,1.21109027209])
(1048576,[169987,178089,293664,544748],[1.65292302437,3.15700042115,3.15700042115,1.90423745265])
(1048576,[228317,238046,323635,527259,682087,693005,961311,966972,1015254,1032968],[4.92770648118,2.46385324059,2.46385324059,2.05838813248,1.77070606003,1.81141724509,2.75153531304,1.07755887947,2.24070968928,1.28519824425])
(1048576,[38289,38290,38291,38292,82559,251555,273047,558259,693005,708149,796600,812399,1032968,1047216],[4.48141937855,4.48141937855,8.9628387571,4.48141937855,1.90423745265,1.90423745265,0.959775843814,1.90423745265,0.905708622544,2.73048190384,1.65292302437,11.2035484464,1.28519824425,1.21109027209])
(1048576,[382964,382965,382967,382970,382971,467227,494772],[2.46385324059,2.46385324059,2.46385324059,2.46385324059,2.46385324059,1.28519824425,3.15700042115])
(1048576,[38289,38290,38291,38292,82559,251555,273047,558259,693005,708149,796600,812399,1032968,1047216],[4.48141937855,4.48141937855,8.9628387571,4.48141937855,1.90423745265,1.90423745265,0.959775843814,1.90423745265,0.905708622544,2.73048190384,1.65292302437,11.2035484464,1.28519824425,1.21109027209])
(1048576,[50692,89828,141459,168917,224038,245427,297432,328560,354917,369624,467227,504050,544748,582052,637757,638114,644021,688824,693005,710141,791917,929585,942178,966972,1038445],[3.15700042115,12.6280016846,3.15700042115,2.75153531304,1.77070606003,2.75153531304,3.85559473275,30.2668884435,2.41687549196,18.9420025269,1.28519824425,6.17516439745,1.90423745265,7.39155972177,3.15700042115,2.46385324059,2.46385324059,3.15700042115,0.905708622544,3.15700042115,2.75153531304,2.46385324059,1.90423745265,1.07755887947,3.15700042115])
(1048576,[20838,20839,22832,28185,42576,68352,82516,88981,123217,137609,141961,150482,153776,168898,184041,194851,195832,213916,228317,233792,234843,239818,270794,290653,296272,296279,297432,302107,309080,311757,319163,323635,329871,350547,354917,380957,389186,393203,407485,410986,420646,424166,428522,446408,471576,494098,498516,510158,510455,521076,521348,527259,537330,539294,554798,556797,560085,568804,573864,580710,598475,604435,606788,624969,647237,652358,654839,665050,675275,693005,695966,701201,704697,709716,717492,723072,738846,748130,748384,752949,756503,758139,758738,763414,777962,804693,809628,818386,821962,823693,825639,827005,845642,845666,861561,881060,896807,970458,990138,1003709,1014064,1041419,1043973],[2.75153531304,2.75153531304,3.15700042115,3.15700042115,2.46385324059,3.15700042115,6.3140008423,3.15700042115,2.75153531304,3.15700042115,3.15700042115,6.3140008423,3.15700042115,3.15700042115,2.75153531304,2.75153531304,3.15700042115,3.15700042115,2.46385324059,6.3140008423,2.46385324059,3.15700042115,2.46385324059,2.46385324059,3.15700042115,3.15700042115,2.5703964885,3.15700042115,2.46385324059,3.15700042115,3.15700042115,4.92770648118,3.15700042115,3.15700042115,1.61125032797,3.15700042115,3.15700042115,3.15700042115,2.75153531304,96.3037359565,3.15700042115,6.3140008423,3.15700042115,3.15700042115,2.46385324059,3.15700042115,3.15700042115,2.46385324059,3.15700042115,6.3140008423,3.15700042115,12.3503287949,2.46385324059,53.6690071596,3.15700042115,2.75153531304,8.25460593913,3.15700042115,2.75153531304,2.46385324059,3.15700042115,3.15700042115,3.15700042115,5.50307062608,3.15700042115,6.3140008423,2.75153531304,6.3140008423,11.0061412522,3.62283449017,3.15700042115,6.3140008423,2.75153531304,3.15700042115,3.15700042115,3.15700042115,41.88550509,3.15700042115,16.5092118783,3.15700042115,2.46385324059,2.05838813248,3.15700042115,22.0990029481,3.15700042115,2.46385324059,6.3140008423,3.15700042115,9.47100126345,3.15700042115,2.24070968928,3.15700042115,3.15700042115,6.3140008423,6.3140008423,3.15700042115,3.15700042115,3.15700042115,2.46385324059,2.46385324059,2.46385324059,3.15700042115,15.7850021058])
(1048576,[38225,169818,208864,209582,228702,273047,297432,328560,485808,504050,544748,559923,634034,693005,708149,782260,791917,805631,966972],[2.75153531304,6.3140008423,14.7831194435,3.15700042115,3.15700042115,6.7184309067,1.28519824425,5.50307062608,1.54756250872,10.2919406624,3.80847490531,1.65292302437,1.77070606003,0.905708622544,1.36524095192,1.90423745265,5.50307062608,2.46385324059,3.23267663841])
(1048576,[50589,99379,169812,204173,224038,251456,251466,302263,309265,337933,366127,485808,527259,559923,581779,628526,639223,642007,675065,687140,720301,738881,746368,759774,785699,788695,825639,829478,851763,861749,870806,978830,988525,1024728],[3.54141212006,2.75153531304,6.3140008423,3.15700042115,5.31211818009,2.24070968928,5.50307062608,2.46385324059,6.3140008423,3.15700042115,3.15700042115,3.09512501743,2.05838813248,1.65292302437,6.72212906783,3.15700042115,3.15700042115,2.24070968928,3.15700042115,1.54756250872,5.50307062608,2.75153531304,1.77070606003,1.77070606003,2.24070968928,2.24070968928,2.24070968928,3.15700042115,3.15700042115,2.75153531304,2.24070968928,3.15700042115,3.15700042115,2.24070968928])
(1048576,[31529,135943,141890,184041,247208,250613,319031,341499,354917,445492,467227,499300,524204,536776,537330,595822,638114,653783,675275,686096,739298,758139,767148,768105,791558,826299,891059,958304,999445,1003709,1043258],[22.0122825043,6.3140008423,18.9420025269,5.50307062608,4.92770648118,6.3140008423,25.2560033692,16.4671050599,0.805625163987,4.11677626496,10.281585954,6.3140008423,60.5337768869,6.3140008423,4.92770648118,6.3140008423,14.7831194435,18.9420025269,22.0122825043,6.3140008423,4.48141937855,4.11677626496,3.15700042115,12.6280016846,3.15700042115,6.3140008423,5.50307062608,63.2853122,4.11677626496,19.7108259247,4.11677626496])
(1048576,[19527,40125,41522,50589,104426,123217,168184,169987,183423,202225,213079,218335,253289,260611,285081,297432,323635,354917,369512,412196,422061,425672,544748,550540,570072,602629,627961,639284,687140,693005,699835,724062,736893,738846,738881,745693,748384,751744,784649,791690,845634,903737,932840,966972,968518,1034605,1034649,1047216],[18.9420025269,3.15700042115,2.75153531304,1.77070606003,2.75153531304,2.75153531304,9.47100126345,1.65292302437,9.47100126345,7.39155972177,3.15700042115,2.75153531304,6.3140008423,3.15700042115,12.6280016846,1.28519824425,14.7831194435,1.61125032797,3.15700042115,3.15700042115,3.15700042115,3.15700042115,1.90423745265,3.15700042115,3.15700042115,18.9420025269,3.15700042115,18.9420025269,1.54756250872,0.905708622544,3.15700042115,2.46385324059,3.15700042115,7.39155972177,8.25460593913,8.9628387571,2.75153531304,3.15700042115,25.2560033692,9.47100126345,3.15700042115,6.3140008423,9.47100126345,1.07755887947,6.3140008423,2.46385324059,2.24070968928,1.21109027209])
(1048576,[42576,209188,270794,273047,290653,309080,341499,354917,445492,465927,467227,471576,484902,484907,485808,510158,559923,590058,634034,682087,708149,711282,711285,739298,745693,756503,758139,782260,796600,804693,856375,875198,930486,942178,990138,999445,1004601,1014064,1032968,1043258,1047216],[4.92770648118,5.50307062608,4.92770648118,0.959775843814,4.92770648118,4.92770648118,4.11677626496,0.805625163987,4.11677626496,1.77070606003,1.28519824425,4.92770648118,55.0307062608,30.2668884435,7.73781254358,4.92770648118,8.26461512187,2.46385324059,8.85353030015,28.3312969605,6.82620475961,11.0061412522,11.0061412522,4.48141937855,2.24070968928,4.92770648118,4.11677626496,1.90423745265,3.30584604875,4.92770648118,2.46385324059,30.2668884435,2.46385324059,1.90423745265,4.92770648118,4.11677626496,2.46385324059,4.92770648118,11.5667841982,4.11677626496,1.21109027209])
(1048576,[28000,104426,143375,382964,382965,382967,382970,382971,524204,693005,996860],[18.9420025269,2.75153531304,3.15700042115,4.92770648118,4.92770648118,4.92770648118,4.92770648118,4.92770648118,13.7576765652,4.52854311272,15.7850021058])
(1048576,[15875,20712,28790,61586,68129,118561,160082,169987,172273,194851,285661,368823,386973,408000,464050,467227,504050,522636,534791,746368,759774,815934,891982,911276,958304,966972,1025915],[3.15700042115,3.15700042115,3.15700042115,2.46385324059,9.47100126345,3.15700042115,3.15700042115,1.65292302437,6.3140008423,2.75153531304,3.15700042115,3.15700042115,5.50307062608,3.15700042115,8.25460593913,1.28519824425,8.23355252993,3.15700042115,3.15700042115,3.54141212006,3.54141212006,3.15700042115,3.15700042115,3.15700042115,2.75153531304,2.15511775894,3.15700042115])
(1048576,[38289,38290,38291,38292,82559,224038,251555,273047,558259,693005,708149,796600,812399,1032968,1047216],[4.48141937855,4.48141937855,8.9628387571,4.48141937855,1.90423745265,1.77070606003,1.90423745265,0.959775843814,1.90423745265,0.905708622544,2.73048190384,1.65292302437,11.2035484464,1.28519824425,1.21109027209])
(1048576,[19379,20838,20839,39408,50589,94640,94992,169987,170283,193451,205833,244312,258965,273047,297432,322824,354917,376269,422070,432257,442624,456735,466031,514653,544748,563169,563170,563171,574245,574540,580110,581779,611148,618229,638130,687140,692394,693005,695796,716462,727130,787521,805631,808852,815269,818557,886775,907472,954763,966972,992986,995087,1000874,1024475,1034649],[3.15700042115,5.50307062608,2.75153531304,6.3140008423,1.77070606003,3.15700042115,3.15700042115,6.6116920975,3.15700042115,37.8840050538,3.15700042115,3.15700042115,3.15700042115,0.959775843814,3.85559473275,3.15700042115,0.805625163987,9.47100126345,3.15700042115,13.4442581357,3.15700042115,12.6280016846,3.15700042115,3.15700042115,1.90423745265,3.15700042115,3.15700042115,3.15700042115,3.15700042115,3.15700042115,3.15700042115,11.2035484464,5.50307062608,3.15700042115,2.05838813248,1.54756250872,3.15700042115,2.71712586763,3.15700042115,3.15700042115,5.50307062608,6.3140008423,4.92770648118,3.15700042115,3.15700042115,6.3140008423,4.11677626496,3.15700042115,3.15700042115,2.15511775894,2.75153531304,3.15700042115,3.15700042115,2.75153531304,2.24070968928])
(1048576,[38225,135363,158584,168870,169987,199473,208864,273047,278010,297432,354917,438724,467227,602741,693005,826639,886775,966972,1003433,1003709,1020596,1034649],[11.0061412522,9.47100126345,3.15700042115,3.15700042115,3.30584604875,2.24070968928,2.46385324059,0.959775843814,12.6280016846,1.28519824425,1.61125032797,3.15700042115,1.28519824425,3.15700042115,0.905708622544,2.46385324059,6.17516439745,2.15511775894,6.3140008423,2.46385324059,6.3140008423,4.48141937855])
(1048576,[50589,251456,354917,580710,642007,687140,746368,759774,785699,826639,870806,1024728],[3.54141212006,2.24070968928,0.805625163987,2.46385324059,2.24070968928,1.54756250872,1.77070606003,1.77070606003,2.24070968928,2.46385324059,2.24070968928,2.24070968928])
(1048576,[25787,48999,67864,91561,92946,116069,122642,199473,226499,251456,269879,273047,302263,304595,331139,347157,354917,384924,393081,416846,437641,465921,475759,481670,485808,492815,496066,497958,504953,586300,611445,638114,638130,642007,687140,729243,732961,746368,752105,756832,759774,760995,761688,779247,785699,788695,826633,826655,831557,852844,854507,854511,874869,883976,897239,927376,930377,960923,966972,976019,991130,1018965,1024728,1040684,1047786],[3.15700042115,3.15700042115,3.15700042115,3.15700042115,3.15700042115,3.15700042115,3.15700042115,2.24070968928,3.15700042115,2.24070968928,3.15700042115,0.959775843814,2.46385324059,3.15700042115,3.15700042115,3.15700042115,0.805625163987,3.15700042115,3.15700042115,3.15700042115,3.15700042115,3.15700042115,6.3140008423,6.3140008423,3.09512501743,3.15700042115,3.15700042115,2.46385324059,2.75153531304,3.15700042115,3.15700042115,2.46385324059,2.05838813248,2.24070968928,1.54756250872,12.6280016846,2.75153531304,1.77070606003,3.15700042115,3.15700042115,1.77070606003,15.7850021058,3.15700042115,3.15700042115,2.24070968928,2.24070968928,3.15700042115,3.15700042115,12.6280016846,6.3140008423,6.3140008423,6.3140008423,3.15700042115,3.15700042115,3.15700042115,2.75153531304,3.15700042115,6.3140008423,1.07755887947,2.46385324059,25.2560033692,3.15700042115,4.48141937855,3.15700042115,3.15700042115])
(1048576,[61586,104123,424390,465927,467227,764241,826910,997131],[2.46385324059,3.15700042115,3.15700042115,1.77070606003,1.28519824425,3.15700042115,8.25460593913,6.3140008423])
(1048576,[369003,467227,736769,736770,736771,736780,736781,813333,966972,1047216],[2.75153531304,1.28519824425,2.75153531304,2.75153531304,2.75153531304,3.15700042115,3.15700042115,3.15700042115,1.07755887947,1.21109027209])
(1048576,[382964,382965,382967,382970,382971,407485,467227,671556],[2.46385324059,2.46385324059,2.46385324059,2.46385324059,2.46385324059,2.75153531304,1.28519824425,3.15700042115])
(1048576,[50589,98590,101296,136852,297432,336316,354917,507441,687140,885909],[1.77070606003,3.15700042115,3.15700042115,9.47100126345,1.28519824425,3.15700042115,0.805625163987,3.15700042115,1.54756250872,3.15700042115])
(1048576,[31529,57987,62314,108646,224038,341499,354917,445492,465927,537330,613352,633288,687140,691866,744802,775794,891059,999445,1029201,1043258,1047216],[11.0061412522,19.2607471913,19.2607471913,2.75153531304,1.77070606003,8.23355252993,0.805625163987,8.23355252993,1.77070606003,9.85541296236,12.6280016846,19.2607471913,3.09512501743,12.6280016846,12.6280016846,19.2607471913,11.0061412522,8.23355252993,12.6280016846,8.23355252993,1.21109027209])
(1048576,[226884,273047,354917,432257,564256,592940,942178],[3.15700042115,0.959775843814,0.805625163987,4.48141937855,3.15700042115,3.15700042115,1.90423745265])
(1048576,[19177,224038,234843,237063,238046,247208,262837,442679,504050,554025,682087,724062,861050,874974,951058,1015254,1032968,1047216],[2.75153531304,1.77070606003,14.7831194435,5.50307062608,4.92770648118,9.85541296236,5.50307062608,5.50307062608,8.23355252993,5.50307062608,1.77070606003,9.85541296236,2.75153531304,16.5092118783,11.0061412522,13.4442581357,1.28519824425,1.21109027209])
(1048576,[50589,168917,234856,245427,251466,297432,322396,353026,369003,384902,544748,886775,966972,1046197],[1.77070606003,2.75153531304,56.8260075807,2.75153531304,2.75153531304,1.28519824425,3.15700042115,3.15700042115,2.75153531304,3.15700042115,1.90423745265,2.05838813248,1.07755887947,3.15700042115])
(1048576,[68880,234808,471318,691727,859545,961311],[3.15700042115,3.15700042115,3.15700042115,3.15700042115,9.47100126345,2.75153531304])
(1048576,[273047,304854,507757,685868,826626,923892,1038910],[0.959775843814,3.15700042115,3.15700042115,3.15700042115,6.3140008423,3.15700042115,3.15700042115])
(1048576,[273047,297432,306446,354917,386973,432257,464050,465928,467227,582052,669775,693005,701139,891690,929585,945600,1034605],[0.959775843814,2.5703964885,6.3140008423,0.805625163987,2.75153531304,2.24070968928,5.50307062608,3.15700042115,1.28519824425,2.46385324059,3.15700042115,2.71712586763,6.3140008423,3.15700042115,2.46385324059,3.15700042115,2.46385324059])
(1048576,[42576,209188,270794,273047,290653,309080,341499,354917,445492,465927,467227,471576,484902,484907,485808,510158,559923,590058,634034,682087,708149,711282,711285,739298,745693,756503,758139,782260,796600,804693,856375,875198,930486,942178,990138,999445,1004601,1014064,1032968,1043258,1047216],[4.92770648118,5.50307062608,4.92770648118,0.959775843814,4.92770648118,4.92770648118,4.11677626496,0.805625163987,4.11677626496,1.77070606003,1.28519824425,4.92770648118,55.0307062608,30.2668884435,7.73781254358,4.92770648118,8.26461512187,2.46385324059,8.85353030015,28.3312969605,6.82620475961,11.0061412522,11.0061412522,4.48141937855,2.24070968928,4.92770648118,4.11677626496,1.90423745265,3.30584604875,4.92770648118,2.46385324059,30.2668884435,2.46385324059,1.90423745265,4.92770648118,4.11677626496,2.46385324059,4.92770648118,11.5667841982,4.11677626496,1.21109027209])
(1048576,[208864,218335,273047,784820],[2.46385324059,2.75153531304,0.959775843814,3.15700042115])
(1048576,[169987,199473,251456,297432,302263,313091,324838,354917,398564,527259,581779,638130,642007,644021,693005,737727,740431,746368,759774,785699,788695,825639,861749,870806,886775,992986,1024728,1037504],[1.65292302437,2.24070968928,2.24070968928,1.28519824425,2.46385324059,3.15700042115,9.47100126345,1.61125032797,5.50307062608,2.05838813248,2.24070968928,2.05838813248,2.24070968928,2.46385324059,1.81141724509,6.3140008423,3.15700042115,1.77070606003,1.77070606003,2.24070968928,4.48141937855,4.48141937855,2.75153531304,2.24070968928,2.05838813248,2.75153531304,2.24070968928,3.15700042115])
(1048576,[154794,169987,199473,202225,224038,260320,297432,312693,332689,354917,432257,485808,490565,497958,527259,539862,559923,573864,581779,634034,638130,687140,693005,708149,720301,726071,727130,746368,759774,782260,788695,825639,851817,870806,886775,912916,966972,1034605],[3.15700042115,11.5704611706,4.48141937855,4.92770648118,3.54141212006,6.3140008423,1.28519824425,6.3140008423,6.3140008423,2.41687549196,22.4070968928,3.09512501743,15.7850021058,7.39155972177,4.11677626496,3.15700042115,3.30584604875,2.75153531304,6.72212906783,3.54141212006,2.05838813248,7.73781254358,7.24566898035,2.73048190384,2.75153531304,15.7850021058,2.75153531304,1.77070606003,1.77070606003,3.80847490531,2.24070968928,2.24070968928,12.6280016846,2.24070968928,2.05838813248,12.6280016846,5.38779439735,2.46385324059])
(1048576,[30136,70338,193849,202948,273047,281169,341499,354917,405676,445492,465927,467227,485808,556797,559923,590058,634034,654839,708149,738846,739298,745693,758139,778958,782260,856375,896992,930486,942178,999445,1002336,1002337,1002339,1004601,1015254,1032968,1043258],[3.15700042115,6.3140008423,3.15700042115,6.3140008423,0.959775843814,6.3140008423,4.11677626496,0.805625163987,6.3140008423,4.11677626496,1.77070606003,1.28519824425,1.54756250872,5.50307062608,1.65292302437,2.46385324059,1.77070606003,5.50307062608,1.36524095192,4.92770648118,4.48141937855,2.24070968928,4.11677626496,6.3140008423,1.90423745265,2.46385324059,6.3140008423,2.46385324059,1.90423745265,4.11677626496,2.75153531304,2.75153531304,2.75153531304,2.46385324059,4.48141937855,17.9927754195,4.11677626496])
(1048576,[228317,297436,354371,365920,373625,410986,497958,581986,644021,905296,966972],[2.46385324059,3.15700042115,2.75153531304,3.15700042115,6.3140008423,2.75153531304,2.46385324059,3.15700042115,2.46385324059,3.15700042115,1.07755887947])
(1048576,[24717,56007,56008,78427,206248,282948,288904,356773,414415,736768,736769,736770,736771,736775,782260,893326,944530,1034649],[3.15700042115,3.15700042115,3.15700042115,3.15700042115,3.15700042115,3.15700042115,3.15700042115,3.15700042115,3.15700042115,3.15700042115,2.75153531304,2.75153531304,2.75153531304,3.15700042115,1.90423745265,3.15700042115,3.15700042115,2.24070968928])
(1048576,[37702,50589,99379,169987,202225,297432,354917,398564,511576,580710,582052,624969,678661,763939,805631,929585,966972],[3.15700042115,1.77070606003,5.50307062608,1.65292302437,9.85541296236,2.5703964885,4.02812581993,2.75153531304,3.15700042115,2.46385324059,2.46385324059,2.75153531304,3.15700042115,3.15700042115,2.46385324059,2.46385324059,1.07755887947])
(1048576,[19177,234843,237063,238046,247208,262837,354917,442679,465927,504050,554025,682087,724062,861050,874974,942178,951058,1015254,1032968,1047216],[2.75153531304,14.7831194435,5.50307062608,4.92770648118,9.85541296236,5.50307062608,0.805625163987,5.50307062608,1.77070606003,8.23355252993,5.50307062608,1.77070606003,9.85541296236,2.75153531304,16.5092118783,1.90423745265,11.0061412522,13.4442581357,1.28519824425,1.21109027209])
(1048576,[82559,251555,273047,485808,558259,559923,634034,682087,693005,708149,796600,1032968,1047216],[1.90423745265,1.90423745265,0.959775843814,3.09512501743,1.90423745265,3.30584604875,7.08282424012,17.7070606003,0.905708622544,5.46096380769,1.65292302437,1.28519824425,1.21109027209])
(1048576,[82559,251555,273047,485808,558259,559923,634034,676398,682087,693005,708149,796600,826910,976019,1032968],[1.90423745265,1.90423745265,0.959775843814,3.09512501743,1.90423745265,3.30584604875,7.08282424012,13.7576765652,17.7070606003,0.905708622544,5.46096380769,1.65292302437,2.75153531304,12.319266203,1.28519824425])
(1048576,[41522,61586,197856,199568,318870,347378,498131,552359,560085,618021,693005,722571,867011,966972],[5.50307062608,14.7831194435,6.3140008423,3.15700042115,3.15700042115,3.15700042115,6.3140008423,3.15700042115,2.75153531304,6.3140008423,4.52854311272,6.3140008423,6.3140008423,1.07755887947])
(1048576,[45640,129749,165680,236278,354371,638130,704697,814349,966972],[3.15700042115,9.47100126345,6.3140008423,3.15700042115,8.25460593913,6.17516439745,8.25460593913,6.3140008423,1.07755887947])
(1048576,[38289,38290,38291,38292,82559,251555,273047,558259,693005,708149,796600,812399,1032968,1047216],[4.48141937855,4.48141937855,8.9628387571,4.48141937855,1.90423745265,1.90423745265,0.959775843814,1.90423745265,0.905708622544,2.73048190384,1.65292302437,11.2035484464,1.28519824425,1.21109027209])
(1048576,[76143,159197,193846,201855,289056,356834,403869,425221,438722,452517,504953,531948,536448,611148,618607,630367,639964,676398,697434,725043,732961,732972,746368,759774,826639,840698,870565,927376,976019,985300,988270,1024472,1024475],[3.15700042115,3.15700042115,6.3140008423,3.15700042115,3.15700042115,3.15700042115,3.15700042115,3.15700042115,6.3140008423,6.3140008423,2.75153531304,3.15700042115,15.7850021058,2.75153531304,3.15700042115,15.7850021058,3.15700042115,2.75153531304,9.47100126345,6.3140008423,2.75153531304,3.15700042115,1.77070606003,1.77070606003,17.2469726841,3.15700042115,3.15700042115,2.75153531304,2.46385324059,3.15700042115,6.3140008423,3.15700042115,2.75153531304])
